0.adjlist.translated 2 6 7 14 15 18 20 22 27 28 41 44 49 52 58 59 62 68 70 72 85 89 91 94 96 99
1.adjlist.translated 1 63
10.adjlist.translated 1 2 3 4 5 8 11 13 15 18 21 23 25 28 31 35 38 41 45 48 51 53 54 55 56 58 61 68 71 78 80 81 82 83 84 85 86 87 88 89
11.adjlist.translated 2 9 11 61
12.adjlist.translated 0 1 2 4 8 9 10 11 14 16 20 21 22 25 27 31 32 33 34 37 40 43 44 45 47 48 49 52 53 54 56 59 60 63 65 66 69 70 72 76 77 80 81 82 87 91 92 96 97 98
13.adjlist.translated 1 3 5 7 9 11 13 15 17 19 21 23 25 27 29 31 33 35 37 39 41 43 46 48 50 52 54 56 58 60 62 64 66 68 70 72 74 76 78 80 82 84 86 88 90 91 92 94 97 98
14.adjlist.translated 7 14 21 28 35 42 49 56 63 70 77 84 91 92
15.adjlist.translated 32 33 34 35 36 37 38 39 40 41 42 43 44 45 46 47 48 49 50 51 52 53 54 55 56 57 58 60 62 64 68 71 73 77 79
16.adjlist.translated 14 15 16 17 18 19 20 21 22 23 24 25 26 27 28 29 30 31 32 33 34 35 36 37 38 39 40 41 42 43 44 45 46 47 48 49 50 51 52 53 54 55
17.adjlist.translated 1 2 3 8 13 14 15 20 25 26 27 32 37 38 49 50 51 56 61 62 73 74 75 80 85 86 97 98
18.adjlist.translated 0 1 2 5 6 9 10 11 12 15 16 19 20 21 22 25 26 29 30 31 32 35 36 39 40 41 42 45 46 49 50 51 52 55 56 59 60 61 62 65 66 69 70 71 72 75 76 79 80 81 82 85 86 89 90 91 92 95 96 99
19.adjlist.translated 2 6 7 14 15 18 20 22 27 28 41 44 49 52 58 59 62 68 70 72 85 89 91 94 96 99
2.adjlist.translated 2 10 32 44 48 53 64 70 73 75 77 79 80 81 87 88 91 97
20.adjlist.translated 0 3 6 9 12 15 18 21 24 27 30 33 36 39 42 45 48 51 54 57 60 63 66 69 72 75 78 81 84 87 90 93
21.adjlist.translated 4 25 27 28 40 48 59 61 82 99
23.adjlist.translated 2 3 7 12 15 17 22 39 67 70
24.adjlist.translated 0 1 2 4 6 7 9 10 11 12 13 16 17 19 22 23 31 38 48 54 64 80 85 93 97
25.adjlist.translated 1 2 3 4 5 6 7 8 9 10 11 12 13 14 15 16 17 18 19 20 21 22 23 24 25 26 27 28 29 30 31 32 33 34 66 98
26.adjlist.translated 1 3 5 7 9 11 13 15 17 19 21 23 25 27 29 31 33 35 37 39 41 43 45 47 49 51 53 55 57 59 61 63 65 67 69 71 73 75 77 79 81 83 85 87 93 95 98
27.adjlist.translated 5 16 21 23 25 30 35 51
28.adjlist.translated 1 2 3 4 6 7 11 12 13 14 15 16 20 21 22 24 27 28 29 33 37 38 39 40 46 47 50 51 53 56 59 60 63 64 65 72 73 74 76 80 83 86 89 90 91 92 93
29.adjlist.translated 1 2 3 4 5 7 8 9 10 11 13 14 15 17 19 20 23 25 26 29 31 32 35 37 38 41 43 44 47 49 50 53 54 55 56 59 60 61 62 65 66 68 71 73 74 77 78
3.adjlist.translated 1 2 3 4 5 8 11 13 15 18 21 23 25 28 31 35 38 41 45 48 51 53 54 55 56 58 61 68 71 78 80 81 82 83 84 85 86 87 88 89
30.adjlist.translated 4 6 7 9 11 13 19 20 27 28 29 32 36 38 40 46 48 49 50 57 58 59 61 68 70 73 74 79 87 88 92
31.adjlist.translated 0 1 17 33 34 50 66 67 83 99
32.adjlist.translated 0 2 4 5 8 9 10 11 14 15 18 22 23 25 26 28 29 31 32 33 35 38 39 40 49 50 52 54 55 58 59 60 61 62 64 65 66 68 70 73 75 76 77 78 79 85 86 88 89 90 99
33.adjlist.translated 1 3 4 5 7 8 9 10 14 16 21 52 53 57 58 60 64 71
34.adjlist.translated 1 2 3 4 5 6 7 8 9 10 11 12 13 14 15 16 17 18 19 20 21 22 23 24 25 26 27 28 29 30 31 32 33 34 35 36 37 38 39 40 41 42 43 44 45 46 47 48 49 50 51 52 53 54 55 56 57 58 59 60 61 62 63 64 65 66 67 68 69 70 71 72 73 74 75 76 77 78 79 80 81 82 83 84 85 86 87 88 89 90 91 92 93 94 95 96 97 98
35.adjlist.translated 0 2 16 55
36.adjlist.translated 8 19 20 21 22 23 24 25 26 27 28 29 30 31 32 33 34 35 36 37 38 39 40 41 42 48 51 55 58 62 65 69 72 76 79 83 86 87 88 89 90 97
37.adjlist.translated 4 8 11 21 25 29 32 43 44 45 52 53 55 59 66 74 76 81 92
38.adjlist.translated 2 5 7 9 19 21 23 24 29 31 32 36 40 51 54 55 57 78 81 88 92 98
39.adjlist.translated 1 9 15 20 22 27 30 43 48 49 57 60 62 68 70 79 94 96 97
4.adjlist.translated 0 1 2 4 7 8 9 10 11 12 14 15 16 17 20 23 28 29 32 35 36 37 38 40 42 48 54 60 62 65 67 69 72 76 79 80 85
40.adjlist.translated 0 1 17 33 34 50 66 67 83 99
41.adjlist.translated 2 3 6 7 8 9 13 16 20 21 24 25 27 28 29 30 31 32 33 36 37 40 41 42 43 46 47 49 50 51 52 55 56 57 58 59 69 70 72 73 78 80 81 83 87 88 93 96 97
42.adjlist.translated 0 1
43.adjlist.translated 6 7 9 12 15 18 21 24 25 27 30 33 36 39 42 43 45 48 51 54 57 60 61 63 66 69 72 75 78 79 81 84 87 90 93
44.adjlist.translated 1 2 5 6 10 11 12 14 15 16 18 19 20 21 22 23 24 25 26 27 28 29 30 31 32 33 34 35 36 37 38 39 40 41 42 43 44 45 46 47 50 60 70 93 94 95 96 97 98 99
45.adjlist.translated 4 14 15 51 53 62 87 89 96
47.adjlist.translated 0 2 4 5 8 9 10 11 14 15 18 22 23 25 26 28 29 31 32 33 35 38 39 40 49 50 52 54 55 58 59 60 61 62 64 65 66 68 70 73 75 76 77 78 79 85 86 88 89 90 99
48.adjlist.translated 3 9 19 23 28 41 43 50 54 63 68 74 94 97
49.adjlist.translated 0 1 2 3 4 5 6 7 9 10 11 12 14 15 17 21 22 25 31 34 35 39 42 44 52 63 65 67 70 71 73 84 89
5.adjlist.translated 2 7 10 13 14 21 24 31 36 45 50 52 55 61 64 72 75 82 85 91 94 96
50.adjlist.translated 1 15 23 27 29 30 33 65
51.adjlist.translated 0 3 6 9 12 15
52.adjlist.translated 0 10 20 30 40 50 60 70 80 90
53.adjlist.translated 0 1 2 3 4 5 6 7 8 9 10 11 15 16 20 21 25 26 27 28 29 30 31 35 36 40 41 45 46 47 48 49 50 51 55 56 60 61 65 66 67 68 69 70 71 75 76 80 81 85 86 95 96 97 98 99
54.adjlist.translated 0 1 2 3 4 5 6 7 8 9 10 11 12 13 14 15 16 17 18 19 20 21 22 23 24 25 26 27 28 29 30 33 34 35 36 37 38 39 40 41 42 43 44 45 46 47 48 49 50 51 52 53 54 55 56 57 58 59 60 61 62 63 64 66 67 68 69 70 71 72 73 74 75 76 77 78 79 80 81 82 83 84 85 86 87 88 89 90 91 92 93 94 95 96 97 98 99 100 101 102 103
55.adjlist.translated 0 8 99
56.adjlist.translated 2 3 4 6 7 14 15 16 17 21 23 26 35 36 43 44 45 49 56 61 62 65 66 68 70 72 73 74 75 84 85 86 87 92
57.adjlist.translated 1 3 6 8 11 13 16 18 21 23 26 28 31 33 36 38 41 43 46 48 51 53 56 58 61 63 66 68 71 73 76 78 81 83 86 88 91 93 96 98
59.adjlist.translated 0 5 6 8 18 25 26 30 31 50 55 56 58 66 80 83 91 99
6.adjlist.translated 0 1 2 6 8 9 10 15 16 17 18 19 20 21 30 31 34 37 38 40 43 44 45 48 50 51 52 53 54 55 56 57 58 59 61 64 65 66 67 68 71 72 73 74 75 78 80 81 84 85 87 88 89 92 93 94 95 96 97 99
60.adjlist.translated 0 2 3 6 11
62.adjlist.translated 2 4 5 24 25 35 38 46 65 72 83 85 86 93
63.adjlist.translated 0
64.adjlist.translated 75 76 77 78 79 88 89 90 91 92 93 94 95 96 97 98
7.adjlist.translated 91 92 98 99
8.adjlist.translated 2 5 6 7 8 9 11 12 14 15 16 17 19 21 22 39 48 70 73 80 83 97
9.adjlist.translated 0 1 2 3 4 5 6 7 8 9 10 11 12 13 14 15 16 17 18 19 20 21 22 23 24 25 26 27 28 29 30 31 32 33 34 35 36 37 38 39 40 41 42 43 44 45 46 47 48 49 50 51 52 53 54 55 56 57 58 59 60 61 62 63 64 65 66 67 68 69 70 71 72 73 74 75 76 77 78 79 80 81 82 83 84 85 86 87 88 89 90 91 92 93 94 95 96 97
